# Time-sliced neural activity data
# Format:device_id,channel_id,slice0_activity,slice1_activity,slice2_activity,slice3_activity,slice4_activity,slice0_phase,slice1_phase,slice2_phase,slice3_phase,slice4_phase
0,0,0.0,0.0,0.0,0.0,0.0,0.00,0.00,0.00,0.00,0.00
0,1,0.0,0.0,0.0,0.0,0.9,-999.00,-999.00,-999.00,-999.00,-999.00
0,2,0.0,0.0,0.0,0.0,0.0,-999.00,-999.00,-999.00,-999.00,-999.00
0,3,0.0,0.0,0.0,0.0,0.0,-999.00,-999.00,-999.00,-999.00,-999.00
0,4,0.0,0.0,0.0,0.0,0.0,-999.00,-999.00,-999.00,-999.00,-999.00
0,5,0.0,0.0,0.0,0.0,0.0,-999.00,-999.00,-999.00,-999.00,-999.00
0,6,0.0,0.0,0.0,0.0,0.0,-999.00,-999.00,-999.00,-999.00,-999.00
0,7,0.0,0.0,0.0,0.0,0.0,-999.00,-999.00,-999.00,-999.00,-999.00
0,8,0.0,0.0,0.0,0.0,0.0,-999.00,-999.00,-999.00,-999.00,-999.00
0,9,0.0,0.0,0.0,0.0,0.0,-999.00,-999.00,-999.00,-999.00,-999.00
0,10,0.0,0.0,0.0,0.0,0.0,-999.00,-999.00,-999.00,-999.00,-999.00
0,11,0.0,0.0,0.0,0.0,0.0,-999.00,-999.00,-999.00,-999.00,-999.00
1,0,0.0,0.0,0.0,0.1,0.4,0.00,0.00,0.00,0.00,0.00
1,1,0.0,0.0,0.0,0.2,0.5,-999.00,-999.00,-999.00,13.83,88.66
1,2,0.0,0.0,0.0,0.0,0.0,-999.00,-999.00,-999.00,-999.00,-999.00
1,3,0.0,0.0,0.0,0.0,0.0,-999.00,-999.00,-999.00,-999.00,-999.00
1,4,0.0,0.0,0.0,0.0,0.0,-999.00,-999.00,-999.00,-999.00,-999.00
1,5,0.0,0.0,0.0,0.2,0.9,-999.00,-999.00,-999.00,13.83,133.58
1,6,0.0,0.0,0.0,0.1,0.4,-999.00,-999.00,-999.00,13.83,37.35
1,7,0.0,0.0,0.0,0.0,0.0,-999.00,-999.00,-999.00,-999.00,-999.00
1,8,0.0,0.0,0.0,0.1,0.4,-999.00,-999.00,-999.00,0.00,18.66
1,9,0.0,0.0,0.0,0.0,0.0,-999.00,-999.00,-999.00,-999.00,-999.00
1,10,0.0,0.0,0.0,0.1,0.4,-999.00,-999.00,-999.00,13.83,51.33
1,11,0.0,0.0,0.0,0.0,0.0,-999.00,-999.00,-999.00,-999.00,-999.00
2,0,0.1,0.2,0.1,0.0,0.0,0.00,0.00,0.00,0.00,0.00
2,1,0.1,0.8,0.4,0.0,0.0,0.00,117.15,93.79,-999.00,-999.00
2,2,0.0,0.2,0.1,0.0,0.0,82.79,53.66,52.08,-999.00,-999.00
2,3,0.1,0.9,0.4,0.0,0.0,0.00,117.15,109.42,-999.00,-999.00
2,4,0.0,0.0,0.0,0.0,0.0,-999.00,-999.00,-999.00,-999.00,-999.00
2,5,0.1,0.9,0.4,0.0,0.0,0.00,117.15,65.37,-999.00,-999.00
2,6,0.1,0.4,0.2,0.0,0.0,0.00,78.14,0.00,-999.00,-999.00
2,7,0.0,0.0,0.0,0.0,0.0,-999.00,-999.00,-999.00,-999.00,-999.00
2,8,0.1,0.3,0.1,0.0,0.0,0.00,62.51,0.00,-999.00,-999.00
2,9,0.0,0.0,0.0,0.0,0.0,-999.00,-999.00,-999.00,-999.00,-999.00
2,10,0.1,0.3,0.1,0.0,0.0,0.00,70.33,0.00,-999.00,-999.00
2,11,0.1,0.9,0.4,0.0,0.0,0.00,109.34,65.37,-999.00,-999.00
3,0,0.0,0.0,0.0,0.0,0.0,0.00,0.00,0.00,0.00,0.00
3,1,0.0,0.0,0.0,0.0,0.0,-999.00,-999.00,-999.00,-999.00,-999.00
3,2,0.0,0.0,0.0,0.0,0.0,-999.00,-999.00,-999.00,-999.00,-999.00
3,3,0.0,0.0,0.0,0.0,0.0,-999.00,-999.00,-999.00,-999.00,-999.00
3,4,0.0,0.0,0.0,0.0,0.0,-999.00,-999.00,-999.00,-999.00,-999.00
3,5,0.0,0.0,0.0,0.0,0.0,-999.00,-999.00,-999.00,-999.00,-999.00
3,6,0.0,0.0,0.0,0.0,0.0,-999.00,-999.00,-999.00,-999.00,-999.00
3,7,0.0,0.0,0.0,0.0,0.0,-999.00,-999.00,-999.00,-999.00,-999.00
3,8,0.0,0.0,0.0,0.0,0.0,-999.00,-999.00,-999.00,-999.00,-999.00
3,9,0.0,0.0,0.0,0.0,0.0,-999.00,-999.00,-999.00,-999.00,-999.00
3,10,0.0,0.0,0.0,0.0,0.0,-999.00,-999.00,-999.00,-999.00,-999.00
3,11,0.0,0.0,0.0,0.0,0.0,-999.00,-999.00,-999.00,-999.00,-999.00
4,0,0.0,0.0,0.0,0.0,0.0,0.00,0.00,0.00,0.00,0.00
4,1,0.8,0.0,0.0,0.0,0.0,-999.00,-999.00,-999.00,-999.00,-999.00
4,2,0.3,0.0,0.0,0.0,0.0,-999.00,-999.00,-999.00,-999.00,-999.00
4,3,0.4,0.0,0.0,0.0,0.0,-999.00,-999.00,-999.00,-999.00,-999.00
4,4,0.0,0.0,0.0,0.0,0.0,-999.00,-999.00,-999.00,-999.00,-999.00
4,5,0.2,0.0,0.0,0.0,0.0,-999.00,-999.00,-999.00,-999.00,-999.00
4,6,0.2,0.0,0.0,0.0,0.0,-999.00,-999.00,-999.00,-999.00,-999.00
4,7,0.0,0.0,0.0,0.0,0.0,-999.00,-999.00,-999.00,-999.00,-999.00
4,8,0.0,0.0,0.0,0.0,0.0,-999.00,-999.00,-999.00,-999.00,-999.00
4,9,0.8,0.0,0.0,0.0,0.0,-999.00,-999.00,-999.00,-999.00,-999.00
4,10,0.0,0.0,0.0,0.0,0.0,-999.00,-999.00,-999.00,-999.00,-999.00
4,11,0.0,0.0,0.0,0.0,0.0,-999.00,-999.00,-999.00,-999.00,-999.00
5,0,0.0,0.0,0.0,0.0,0.0,0.00,0.00,0.00,0.00,0.00
5,1,0.0,0.1,0.4,0.0,0.0,-999.00,-999.00,-999.00,-999.00,-999.00
5,2,0.0,0.0,0.0,0.0,0.0,-999.00,-999.00,-999.00,-999.00,-999.00
5,3,0.0,0.1,0.4,0.0,0.0,-999.00,-999.00,-999.00,-999.00,-999.00
5,4,0.0,0.0,0.0,0.0,0.0,-999.00,-999.00,-999.00,-999.00,-999.00
5,5,0.0,0.0,0.0,0.0,0.0,-999.00,-999.00,-999.00,-999.00,-999.00
5,6,0.0,0.1,0.3,0.0,0.0,-999.00,-999.00,-999.00,-999.00,-999.00
5,7,0.0,0.0,0.0,0.0,0.0,-999.00,-999.00,-999.00,-999.00,-999.00
5,8,0.0,0.1,0.3,0.0,0.0,-999.00,-999.00,-999.00,-999.00,-999.00
5,9,0.0,0.0,0.0,0.0,0.0,-999.00,-999.00,-999.00,-999.00,-999.00
5,10,0.0,0.1,0.4,0.0,0.0,-999.00,-999.00,-999.00,-999.00,-999.00
5,11,0.0,0.1,0.4,0.0,0.0,-999.00,-999.00,-999.00,-999.00,-999.00
6,0,0.0,0.0,0.0,0.0,0.0,0.00,0.00,0.00,0.00,0.00
6,1,0.0,0.0,0.0,0.0,0.0,-999.00,-999.00,-999.00,-999.00,-999.00
6,2,0.0,0.0,0.0,0.0,0.0,-999.00,-999.00,-999.00,-999.00,-999.00
6,3,0.0,0.0,0.0,0.0,0.0,-999.00,-999.00,-999.00,-999.00,-999.00
6,4,0.0,0.0,0.0,0.0,0.0,-999.00,-999.00,-999.00,-999.00,-999.00
6,5,0.0,0.0,0.0,0.0,0.0,-999.00,-999.00,-999.00,-999.00,-999.00
6,6,0.0,0.0,0.0,0.0,0.0,-999.00,-999.00,-999.00,-999.00,-999.00
6,7,0.0,0.0,0.0,0.0,0.0,-999.00,-999.00,-999.00,-999.00,-999.00
6,8,0.0,0.0,0.0,0.0,0.0,-999.00,-999.00,-999.00,-999.00,-999.00
6,9,0.0,0.0,0.0,0.0,0.0,-999.00,-999.00,-999.00,-999.00,-999.00
6,10,0.0,0.0,0.0,0.0,0.0,-999.00,-999.00,-999.00,-999.00,-999.00
6,11,0.0,0.0,0.0,0.0,0.0,-999.00,-999.00,-999.00,-999.00,-999.00
7,0,0.0,0.0,0.0,0.0,0.0,0.00,0.00,0.00,0.00,0.00
7,1,0.0,0.0,0.0,0.0,0.0,-999.00,-999.00,-999.00,-999.00,-999.00
7,2,0.0,0.0,0.0,0.0,0.0,-999.00,-999.00,-999.00,-999.00,-999.00
7,3,0.1,0.7,0.3,0.0,0.0,-999.00,-999.00,-999.00,-999.00,-999.00
7,4,0.0,0.0,0.0,0.0,0.0,-999.00,-999.00,-999.00,-999.00,-999.00
7,5,0.0,0.0,0.0,0.0,0.0,-999.00,-999.00,-999.00,-999.00,-999.00
7,6,0.0,0.0,0.0,0.0,0.0,-999.00,-999.00,-999.00,-999.00,-999.00
7,7,0.0,0.0,0.0,0.0,0.0,-999.00,-999.00,-999.00,-999.00,-999.00
7,8,0.0,0.0,0.0,0.0,0.0,-999.00,-999.00,-999.00,-999.00,-999.00
7,9,0.0,0.0,0.0,0.0,0.0,-999.00,-999.00,-999.00,-999.00,-999.00
7,10,0.0,0.0,0.0,0.0,0.0,-999.00,-999.00,-999.00,-999.00,-999.00
7,11,0.0,0.0,0.0,0.0,0.0,-999.00,-999.00,-999.00,-999.00,-999.00
8,0,0.0,0.0,0.0,0.0,0.0,-999.00,-999.00,-999.00,-999.00,-999.00
8,1,0.0,0.0,0.0,0.0,0.0,-999.00,-999.00,-999.00,-999.00,-999.00
8,2,0.0,0.0,0.0,0.0,0.0,-999.00,-999.00,-999.00,-999.00,-999.00
8,3,0.0,0.0,0.0,0.0,0.0,-999.00,-999.00,-999.00,-999.00,-999.00
8,4,0.0,0.0,0.0,0.0,0.0,-999.00,-999.00,-999.00,-999.00,-999.00
8,5,0.0,0.0,0.0,0.0,0.0,-999.00,-999.00,-999.00,-999.00,-999.00
8,6,0.0,0.0,0.0,0.0,0.0,-999.00,-999.00,-999.00,-999.00,-999.00
8,7,0.0,0.0,0.0,0.0,0.0,-999.00,-999.00,-999.00,-999.00,-999.00
8,8,0.0,0.0,0.0,0.0,0.0,-999.00,-999.00,-999.00,-999.00,-999.00
8,9,0.0,0.0,0.0,0.0,0.0,-999.00,-999.00,-999.00,-999.00,-999.00
8,10,0.0,0.0,0.0,0.0,0.0,-999.00,-999.00,-999.00,-999.00,-999.00
8,11,0.0,0.0,0.0,0.0,0.0,-999.00,-999.00,-999.00,-999.00,-999.00
9,0,0.0,0.0,0.0,0.0,0.0,0.00,0.00,0.00,0.00,0.00
9,1,0.0,0.0,0.0,0.1,1.4,-999.00,-999.00,-999.00,-999.00,-999.00
9,2,0.0,0.0,0.0,0.0,0.0,-999.00,-999.00,-999.00,-999.00,-999.00
9,3,0.0,0.0,0.0,0.1,1.0,-999.00,-999.00,-999.00,-999.00,-999.00
9,4,0.0,0.0,0.0,0.0,0.0,-999.00,-999.00,-999.00,-999.00,-999.00
9,5,0.0,0.0,0.0,0.0,0.0,-999.00,-999.00,-999.00,-999.00,-999.00
9,6,0.0,0.0,0.0,0.0,0.0,-999.00,-999.00,-999.00,-999.00,-999.00
9,7,0.0,0.0,0.0,0.0,0.2,-999.00,-999.00,-999.00,-999.00,-999.00
9,8,0.0,0.0,0.0,0.0,0.0,-999.00,-999.00,-999.00,-999.00,-999.00
9,9,0.0,0.0,0.0,0.0,0.0,-999.00,-999.00,-999.00,-999.00,-999.00
9,10,0.0,0.0,0.0,0.0,0.0,-999.00,-999.00,-999.00,-999.00,-999.00
9,11,0.0,0.0,0.0,0.0,0.0,-999.00,-999.00,-999.00,-999.00,-999.00
